,z1,z2,z3,z4,z5,z6,z7,z8,z9,z10,z11,z12,z13,z14,z15,z16,z17,z18,z19,z20,z21,z22,z23,z24,z25,z26,z27,z28,z29,z30,z31,z32,z33,z34,z35,z36,z37,z38,z39,z40,z41,z42,z43,z44,z45,z46,z47,z48,z49,z50,z51,z52,z53,z54,z55,z56,z57,z58,z59,z60,z61,z62,z63,z64,z65,z66,z67,z68,z69,z70,z71,z72,z73,z74,z75,z76
z1,0.0,236.9925386456421,434.9303302368261,158.91690030665208,139.30578503425758,438.130038470787,414.02887832361347,383.0835028380663,404.74608101468897,669.4818790050088,189.2824819585038,248.17550147109444,258.56258465546193,659.8649873778826,327.16118250548914,512.5712037040878,599.8083879570311,93.29295400198876,292.00302918109776,305.9932975874185,1765.8138184389243,1376.5898774936884,2038.0492144574039,1604.7823300590392,1145.0725443149513,1695.2735714126839,1464.293952254763,1969.6619727747327,1967.2208813676182,1241.0629944660275,766.5940622474684,493.1879805495637,513.7659383052227,1053.7491561429836,791.3806095629284,1320.5613946632438,889.7733268064162,554.4741394747425,540.1371409413413,212.01269511684015,796.3749403230529,1110.7089705829878,700.1013555976064,294.72955317331764,653.196541944043,990.9281920216213,688.0352754404056,1184.6168408871526,718.1386283363937,1220.9211413296734,1110.4570693225455,1451.574413434247,1444.5038376917064,1678.7837846103232,1523.7077888660945,1017.0141097863353,1328.3079413642236,1545.951844891554,1347.1799780311037,917.5472013609108,1137.4260607971144,1241.2476286215215,1740.4400446717423,1399.1777454572143,438.3838174395372,635.8391841907833,632.4168333714766,911.2811536562947,597.2359918499094,892.2704171651575,457.13360295613467,1094.1507492894168,1325.004728702483,1414.336301994474,469.27324342305724,1018.3569480210692
z2,236.9925386456421,0.0,276.1352665279187,393.9540343816709,283.5963297853277,391.1948908417801,223.79742747999003,146.4325650102054,319.76111170693315,437.42091098742003,340.9171857282834,167.0593411399422,231.9066869704444,453.7279924432408,346.20339284960494,299.3847480161783,433.3778266182447,164.28189593449233,329.77840286567834,156.0270997457527,1975.8076442646889,1607.8238881260522,2267.352326315997,1839.5704697063143,1379.2457716708077,1919.7654149923662,1678.3471919570334,2167.8707585380403,2187.308025380662,1477.9242548085322,974.3280647978216,730.1715437369048,653.7463066556622,1257.4350400022943,1016.7338951737513,1477.5750265810295,1045.1816942798375,749.394816547252,770.6398975401079,443.4611166601137,1031.283207369421,1283.7670747150692,816.0741181971761,484.5668239235495,887.3036874098492,1219.6524546382225,851.8835511404086,1403.816142759161,955.1238024728641,1305.7086939562819,1167.0392513368636,1533.2052472944304,1563.8244750640013,1709.5854759950796,1529.1161979942697,1112.9272748501176,1397.2723266028588,1583.7273002356135,1453.1657612337344,1011.9847273965173,1243.872415781848,1291.5119711799946,1806.9131047768656,1489.216151881005,633.0014398276606,792.8020690209124,743.342479666825,1012.5928621315095,657.7866895353369,1025.7660436155381,682.1725082319945,1194.2667780283903,1388.2988123626228,1542.362770169538,605.0450416228978,1220.3884120781606
z3,434.9303302368261,276.1352665279187,0.0,584.2804367712247,533.8869235940895,657.0954058940977,425.6995945859775,237.51215662322033,129.3064580693774,469.6771385826353,413.16756736650143,441.8466380192144,213.57063902150202,572.5943137955616,622.3211206623027,149.59018660655545,619.2796001146164,341.9053876476931,289.7968182588876,132.47906579277978,1992.8762286182662,1695.4524897840543,2338.912715441878,1943.9470089579756,1486.0535728869684,1977.3273519925247,1710.1108566578598,2156.654494396445,2228.100904686183,1623.5125410463572,1014.5895433080939,883.9974428888434,620.2585221312046,1276.6866163902514,1097.9574482525763,1410.0824465000383,993.63266460067,782.7806559836886,881.0683351509283,587.4974112464029,1151.0257484397555,1247.237025380055,730.7377163841422,550.856997035253,1064.3542324666805,1305.1786026818233,826.8529051446799,1454.8965820248413,1104.5894983797998,1154.1480861190405,991.7479662678028,1371.7817869346097,1443.9009585234778,1498.2130156586104,1301.1810900331102,981.7929947682579,1226.5043521272298,1380.0822396924532,1320.4804963504353,884.9010696983592,1118.9174240806399,1105.8026881287758,1625.1969646348944,1765.32673782039,871.2268174100626,1053.1697262938671,1016.033202881875,1287.6199909250608,933.9089530456142,1295.2209959364088,886.7986584478165,1469.7098861779193,1663.363045804475,1814.4013191528272,870.7166395454618,1453.2868371671436
z4,158.91690030665208,393.9540343816709,584.2804367712247,0.0,180.4646659128422,504.6223845170655,549.4786379981183,540.3849917669584,535.55969244446,819.7686637211135,238.3636069043101,368.21948370293836,388.8789135708846,794.4123106159782,374.95650996169945,670.3890573216656,715.4344760959341,248.8358403035565,387.44301990631845,459.4667096210068,1648.937262509492,1234.753042255172,1897.8387672446618,1456.426432564681,998.6931073074379,1561.9697413758634,1344.3054255412446,1864.0336407166549,1838.5491824457306,1084.6608375453009,662.3609928957495,339.54509551920313,498.16278905967783,949.0532837581534,662.1853239592509,1258.426296618127,838.1077266877267,475.30258058849626,406.21694158459997,107.94760540198534,649.6295672727005,1036.9822710732656,691.6389108218063,256.9766848012374,494.3244557769424,854.5901782933649,636.2555526560641,1060.1695862099823,563.0232924467424,1219.2334751299393,1131.547543153837,1448.2869041174215,1412.4264846027186,1708.1430156147271,1571.3823930789272,1011.795374508867,1336.1674240042175,1572.2137928183988,1327.0696695373294,916.5992230046811,1120.9525366615487,1263.8504786757067,1744.5923923416867,1327.7714139542156,313.45640504400546,534.0848558950274,568.6495595942345,842.002722503268,574.9825987021528,799.6922190788606,302.5301391603376,1020.9345271840134,1273.1039311142065,1316.744632293094,398.7277358937119,874.5070099006094
z5,139.30578503425758,283.5963297853277,533.8869235940895,180.4646659128422,0.0,327.4519950483172,386.53043056031953,421.3388899447065,526.4273698559869,671.2616602066014,323.7580889602589,200.9102187167173,385.4118014729436,626.5056852282029,202.54743275709535,582.3901370077981,538.0535323197357,207.66130554919042,430.0358113638232,401.41715128185933,1829.096602475315,1406.0926865003403,2069.466887139053,1620.6769971243834,1166.558820593453,1737.9804705985846,1524.200071297137,2044.3840731228322,2016.1818100271266,1233.4651752633147,842.0370151016662,503.91496917233206,637.8333592585093,1129.0858715968461,841.0775858290107,1427.04350514585,1000.8861672366864,647.7012789891643,584.8617820512022,280.1157775779446,818.9327318563759,1209.7275361746852,828.0912515458734,404.9927923868368,632.4125294050539,1030.3433863187097,798.0811924249209,1239.5052967611196,720.0663995974845,1352.5484178220433,1246.9491020826745,1583.0950216451454,1566.0527429942495,1816.8993650170403,1662.9872642350053,1147.2121819242147,1462.4789318712328,1683.6210123417368,1473.2084479029895,1048.6872898827262,1264.3299956407106,1378.1460488114606,1874.1581127412617,1264.2944922581887,349.5227974471824,519.4267525175346,498.8244814879249,777.2333077315272,457.9310552442282,767.1176499145627,413.7047076511437,960.4882149763708,1186.6830641607503,1288.9444115019928,341.2273028406233,936.8309004245439
z6,438.130038470787,391.1948908417801,657.0954058940977,504.6223845170655,327.4519950483172,0.0,274.78948516186017,441.49459475230884,710.6724480244302,537.9425314545766,624.728299043096,229.5924641755383,605.3348956798592,419.7408054449085,132.62988289895353,626.5613244622236,282.2453304249558,453.9927809021148,686.0418554901086,546.8114347366298,2144.589267107075,1695.6200676673948,2356.2807294529507,1892.8907953036107,1450.7797861573933,2037.7875385096306,1838.4708495089658,2365.940457326895,2320.3118235560187,1480.6711063804778,1166.6482750867528,797.9269239581946,951.854682343905,1452.6622143720767,1153.6829519269106,1753.067237449773,1324.8518473334404,975.1189090000425,899.0025921112419,607.3539602580129,1111.0953685272104,1537.0363645273253,1136.723401742277,727.7130807883644,885.0829097634164,1333.1534411097628,1122.2623827137234,1551.8651771457382,994.9203113859114,1652.7467534335856,1530.8898595009953,1883.0899555903277,1882.5912273813685,2087.3235313165455,1914.568626355746,1451.1159873982333,1755.0121776726755,1958.2781197510992,1784.034442851933,1350.844535312316,1573.9839694539546,1659.2218685664702,2167.234213364521,1133.2881987242815,529.6727244814925,571.813580731596,454.80158406564516,683.4922959014215,318.16877071175116,737.6713906074867,658.7099833689076,855.2203179186249,1015.1192042513026,1223.8726714378956,391.64451194451044,1053.3838655494258
z7,414.02887832361347,223.79742747999003,425.6995945859775,549.4786379981183,386.53043056031953,274.78948516186017,0.0,189.43219714642032,511.8498203271036,293.5979410480795,556.6981683433775,185.63424951466615,451.88436791390814,246.0942848960305,314.59758753011397,362.90288468314003,210.48308084201173,370.49949232423717,552.4950289801146,347.8844230063934,2179.0023455894866,1784.0996219320837,2446.9840875766495,2004.4846558095978,1547.8878856638169,2107.8430617722793,1878.1158617052008,2378.691441322782,2380.977090743329,1619.9148007478861,1178.312266336391,886.4371268836591,876.2315326791519,1464.4158985306094,1204.473282030883,1699.894211435254,1267.1218189839014,959.4382610257646,951.1664522454154,624.9327910480367,1198.9634065936227,1502.8901551914141,1039.8392908891694,694.115510271263,1018.4142904488771,1401.8170373750083,1071.8784284656208,1598.6116388466635,1105.6663615639063,1525.2633778355414,1381.1464707247223,1751.4807743018173,1787.1603994103627,1912.285999791549,1722.4610943526968,1334.72863143349,1613.2232698610828,1789.6343203351048,1675.4469742247875,1233.9201503994695,1466.5240081206057,1503.10189169188,2020.8237394253551,1407.01271649285,706.2938942461903,809.0308411364322,715.5063467237779,956.9023069394858,590.5825816031972,1002.5122375752801,796.8093520780964,1129.8866110817867,1283.9668202235493,1497.2013559583281,617.6567601038662,1275.9744921049441
z8,383.0835028380663,146.4325650102054,237.51215662322033,540.3849917669584,421.3388899447065,441.49459475230884,189.43219714642032,0.0,334.95448504453066,303.3423109976751,465.9164699450668,259.32593849973466,310.33018584019777,356.8835926856665,437.84023458525104,186.4804479048124,383.4296689472613,305.0152346539325,414.7008714733057,183.84018130043341,2102.6291132863685,1748.5818256270727,2406.363638488505,1982.884188138917,1522.253746793375,2055.76108067508,1808.1981044787556,2287.1379825560807,2320.182755704333,1624.1450933313909,1103.3105997220378,876.0645933651085,756.4172069224727,1382.679062163976,1154.7620738033995,1575.621283112276,1146.6587208898516,874.4763323018134,912.1715217617524,586.8415998174248,1175.0628636389474,1392.1606664442552,901.8977939561902,613.3588966687591,1033.596845045,1359.2004178547725,960.6790775069903,1537.324730281037,1101.1493910582444,1364.6388021911234,1211.9367458537827,1587.5366991104881,1639.7428142499016,1731.7715473385922,1537.7368844542304,1181.2358463213095,1445.775892785888,1611.4316416417732,1522.4713550008355,1081.4799552481993,1315.982689108723,1330.543717820899,1849.7412113854625,1570.6456020980615,769.8036058781603,914.2664501439938,847.0984025127293,1105.8700270531147,741.9304371672947,1133.8196695116487,826.8164263619963,1284.1616973750665,1456.5194109032777,1642.7932126067276,722.9917952486823,1355.8896665549266
z9,404.74608101468897,319.76111170693315,129.3064580693774,535.55969244446,526.4273698559869,710.6724480244302,511.8498203271036,334.95448504453066,0.0,594.7906019220658,329.42313591934277,483.3476401638034,147.47624247103454,686.3467866696548,652.856987150547,278.88066580200586,716.3158662894417,319.4749061708536,182.93370708291678,166.7941886673353,1868.179260783084,1585.1945188164577,2223.011352753314,1837.3183066608196,1382.294033026695,1859.2704289621558,1588.0729565185927,2028.9141161586754,2106.52011375226,1532.160801821313,897.58828431869,805.2406768530377,495.15610821589115,1154.0902113155817,990.0557713692399,1280.8173440521948,864.7625591897089,667.3335755763894,785.636586398882,516.5486081399062,1054.4020994186903,1118.7307578751036,601.4376065826984,452.4661357021018,992.4131866480689,1196.5627120945692,700.7305136582926,1337.2335756970613,1019.7543573690548,1033.8557065011794,877.4185364405174,1254.564884685295,1318.514953330014,1400.4362349705348,1213.01072435346,856.9287130265016,1111.5891735874459,1278.2295954039325,1196.8378650851973,759.054593845136,993.5503487764773,995.5912645440703,1514.8007903855005,1785.0684469336488,840.3377546720876,1040.006842255137,1023.5442112297299,1300.5319062542512,960.2852703201827,1293.1061421016127,833.1643567817964,1483.8193564296228,1695.0633155631135,1815.1608437588752,867.4978847495786,1409.8274118175302
z10,669.4818790050088,437.42091098742003,469.6771385826353,819.7686637211135,671.2616602066014,537.9425314545766,293.5979410480795,303.3423109976751,594.7906019220658,0.0,769.0945251423034,473.51605941018926,607.305306518901,168.65617308444354,604.3899099710774,330.3444110416956,305.838369179028,601.5873394057168,710.2870843569192,475.243697823914,2405.968684951068,2044.8299565488428,2704.750826726374,2274.1804146795107,1814.5498054075513,2356.682685652294,2111.3318753864287,2589.16074888305,2622.6385249660257,1901.7086795009343,1406.4540613274078,1159.2887844939778,1054.4901331245044,1685.9929922213023,1454.072095693058,1867.4572533457592,1442.1023775254255,1177.8186425876427,1207.5962569763155,879.6748226130012,1465.8225303743716,1690.5167290791526,1189.2753168960326,916.2583517751724,1302.7669127646209,1657.0371145556521,1260.3159633059054,1839.4399590724283,1382.3694790873053,1623.0798213144021,1456.972418361751,1838.5878705149953,1913.0935652120038,1939.7022626495636,1728.5741031723198,1451.1793979596907,1691.608221259371,1828.673130665754,1790.1524999580206,1353.7469477926606,1588.0925263878457,1566.6409978915713,2084.4275209507755,1636.1852300106184,999.5776087872714,1097.3403577032832,992.2114804196569,1214.0103231795558,853.5195663474638,1275.5168466602033,1084.715038017069,1377.6715723643078,1495.2296925733551,1752.1939075669243,907.5146454455092,1568.4556574234796
z11,189.2824819585038,340.9171857282834,413.16756736650143,238.3636069043101,323.7580889602589,624.728299043096,556.6981683433775,465.9164699450668,329.42313591934277,769.0945251423034,0.0,418.5671046759804,199.60341243295798,794.1866230712301,516.4384572466798,534.8951050362539,758.4966509180822,187.51422967022793,157.18215098014022,317.06455992223385,1637.3624848572922,1294.1888863358317,1946.7944130748033,1537.2061423416146,1077.4375037982147,1592.414027077688,1342.2832557497795,1826.9905506434286,1854.7014332577776,1210.435990192506,637.3949538014872,476.065959541963,329.44146977314665,917.9107065342143,696.5010861059435,1147.403630329252,714.5455205716803,409.4430353977957,468.8738675065144,190.26476870652976,738.6922416040813,946.3578595105813,512.0086402330704,147.9868140510868,663.1546788697977,903.1954184100573,516.304862721131,1072.4493531329658,693.0500190547416,1031.6405711055977,923.2148815736149,1262.2934123036507,1258.9525615038488,1494.2310394575059,1345.8104116705324,827.9138132647882,1139.4416510604756,1360.4298077087165,1159.3217744385952,728.3185464476246,949.3226498228711,1054.5065460301887,1551.449138073917,1560.1997640664529,551.084678412241,772.0353985980003,795.6705734077082,1072.665200946013,778.0280518727149,1036.8873717576278,514.9512545767648,1253.5046399000998,1496.9376782486074,1554.9358654637604,626.9982738864782,1094.9772088076925
z12,248.17550147109444,167.0593411399422,441.8466380192144,368.21948370293836,200.9102187167173,229.5924641755383,185.63424951466615,259.32593849973466,483.3476401638034,473.51605941018926,418.5671046759804,0.0,376.0663942092728,427.15227699354926,182.53818133276334,441.87739237346386,352.4418202380063,235.4150132650207,460.0487437991526,322.6052985868639,2010.0395279032275,1602.4095466048125,2265.6738303699085,1820.2192167982848,1364.664985397444,1929.9048763222333,1707.0843083142563,2216.9322492719507,2205.441985211975,1434.2890588566313,1013.1838149783575,702.4162210933803,747.7619028092479,1300.6901511465073,1028.4189423847445,1564.1631766099981,1131.8993904708673,802.6288568093456,773.3158184975393,451.6622546366185,1016.1452537184798,1357.4241974776057,925.593108528427,541.3474044704257,832.8990435956648,1222.7179508270137,931.6703914511035,1424.995392808322,920.5016046203622,1433.575963589387,1305.899277216034,1663.2303219503265,1675.0120053561195,1858.93314701873,1684.99526899976,1234.741758991825,1532.2439900250497,1730.602271652779,1571.2911008454062,1133.9166309856607,1361.0413729706916,1433.2252151333685,1943.9629458747545,1325.037861158641,529.1979406143346,656.6187412990473,588.8947135731723,852.3208971831144,493.21339056258904,874.9743955772005,612.0891468586017,1032.7242139483199,1221.6353991732951,1386.4553904228633,464.6875581767793,1108.5052353771705
z13,258.56258465546193,231.9066869704444,213.57063902150202,388.8789135708846,385.4118014729436,605.3348956798592,451.88436791390814,310.33018584019777,147.47624247103454,607.305306518901,199.60341243295798,376.0663942092728,0.0,663.7954905921755,530.3174518044433,340.36975671355657,662.3668228358993,177.97487746494346,104.42558234271233,132.79671316229064,1806.720124155884,1487.5140819314709,2135.6364446837033,1733.5343652391514,1274.6476978242458,1777.2417075977598,1517.6487150115518,1983.1711675717318,2033.7301235481957,1409.9618521930308,815.7606871983547,672.1653181181941,447.2875658426615,1087.0353643859448,889.3824916191542,1265.3217056569304,836.540969089505,583.6255271391362,667.9315568622559,377.65218762857955,937.8712977678857,1083.3805846242328,593.3641575082189,339.75312298104734,855.2897920901127,1096.6297260288939,653.0610039569532,1255.2453524744444,891.5768175393804,1074.1310881957284,935.6984595053362,1301.360215904533,1336.8224064758142,1483.2589971094621,1309.622030829147,882.8771214024127,1165.4620223511117,1355.7047739641835,1223.7303877874854,782.1155694918895,1015.1241044767999,1060.9971137787522,1575.4280355933508,1648.8029203004935,692.900625622934,894.3957891427834,884.1952892607895,1162.3832069299706,830.6904341096605,1149.680505694706,688.2662535584582,1345.6930526986748,1565.1477149096866,1671.8611775588154,724.9923028505044,1263.3833845187385
z14,659.8649873778826,453.7279924432408,572.5943137955616,794.4123106159782,626.5056852282029,419.7408054449085,246.0942848960305,356.8835926856665,686.3467866696548,168.65617308444354,794.1866230712301,427.15227699354926,663.7954905921755,0.0,513.1902503230602,453.68042293392386,150.79080318676776,611.2478940164049,767.9920800918193,540.656070311807,2423.619254512602,2029.1413840737794,2692.248201978689,2247.084010388614,1791.814956619056,2353.9024654574955,2123.4060542350735,2620.322379399402,2627.003047085573,1856.1975340030192,1422.3173367917875,1129.516438375436,1104.4215682042372,1707.5974423354908,1450.566515410505,1927.218960437193,1496.0438618896146,1200.9356917961186,1197.154443064585,871.0066614449477,1443.2281051139087,1736.9901601732035,1257.0690632222577,935.4329705995119,1253.9577807316596,1647.689787198603,1304.9028340289715,1844.4722250514985,1346.4664586394883,1719.6594131528448,1562.8075325005932,1940.8974256295232,1996.6224704328756,2066.809048777662,1862.5298720631274,1537.9279855007014,1797.3327432576302,1951.0958213050296,1879.0916817012987,1438.2915611774629,1672.8373283175579,1678.254855780208,2197.708760239724,1480.518987010155,924.3832416704914,991.3074573296874,870.6649352371003,1073.8727440991008,722.3635655615747,1146.9923456711917,1029.286605155667,1231.055959821825,1334.7612389054375,1607.6755202817724,807.808670111883,1471.4921205989017
z15,327.16118250548914,346.20339284960494,622.3211206623027,374.95650996169945,202.54743275709535,132.62988289895353,314.59758753011397,437.84023458525104,652.856987150547,604.3899099710774,516.4384572466798,182.53818133276334,530.3174518044433,513.1902503230602,0.0,622.7277762204325,392.13345629466585,362.45383202369464,598.3234694736224,498.7370230024216,2011.977763596707,1565.1348280724476,2226.545227833803,1765.5620756437881,1320.9012700255048,1906.0855738418422,1705.8450366208542,2233.873188530845,2188.21264161808,1358.04936790797,1035.8006387141545,665.9211482847803,837.9132242611053,1321.276674728992,1021.0599990247366,1629.1545651192616,1203.4310560163742,848.3781792150844,766.4805496552791,479.6456730478706,979.7483423911352,1410.5686323260431,1026.4250572527326,607.334661731507,759.174499988856,1200.932067544151,1000.6259845856907,1419.2372549982379,865.698029812937,1548.0788482744392,1435.0166418654026,1778.7313566288299,1767.5053791217617,1999.261362488392,1835.6474774620556,1344.0613485629342,1654.8089135928697,1867.8786132932971,1672.8957576357227,1244.6911346497043,1463.491256813532,1565.064131180732,2067.0730010766915,1143.2099936661903,412.9989166754157,494.4346691265358,409.8305072415218,669.9101957594195,311.587894705893,697.2430119609219,532.2310601121044,850.1863837613467,1043.6080868220524,1205.1615166971624,303.34834076399807,964.7383026294353
z16,512.5712037040878,299.3847480161783,149.59018660655545,670.3890573216656,582.3901370077981,626.5613244622236,362.90288468314003,186.4804479048124,278.88066580200586,330.3444110416956,534.8951050362539,441.87739237346386,340.36975671355657,453.68042293392386,622.7277762204325,0.0,527.3318690962055,421.651087604429,430.0501050009982,219.58674338577666,2138.534334873283,1827.5383948748643,2475.8679405168546,2072.067809258658,1612.3107896886625,2116.6559585381706,1853.4117293613763,2305.064830228339,2370.706637427864,1737.1468583747774,1154.307483798725,990.5452979553694,767.2830415604029,1420.8265278506153,1229.385231569425,1559.5318776997901,1143.0243730168636,922.0326327398272,1002.7253453666107,693.065014916406,1271.8349011332427,1396.3554625599709,880.2702596557639,679.245694376827,1162.2975406784,1436.5553055308476,974.3224897384728,1594.3728801976204,1214.577929465993,1294.4334978712945,1126.7561764711543,1508.6064388685463,1589.0139438959225,1614.8549382738033,1408.8943676404656,1126.7764491280095,1361.339362196051,1501.334921638195,1463.884836439169,1030.9348692011417,1264.2444999578886,1236.4261418493722,1754.5429839505011,1757.049474967624,931.1216244324027,1090.4371445267143,1030.7719810441886,1291.7888799419945,928.3107040568782,1316.575266351723,969.3440911932893,1470.4558344696602,1641.61093821679,1827.8657493089952,900.9112820103289,1518.455226057086
z17,599.8083879570311,433.3778266182447,619.2796001146164,715.4344760959341,538.0535323197357,282.2453304249558,210.48308084201173,383.4296689472613,716.3158662894417,305.838369179028,758.4966509180822,352.4418202380063,662.3668228358993,150.79080318676776,392.13345629466585,527.3318690962055,0.0,570.9847773871463,762.7631557482678,555.4294215975616,2361.8963095304844,1942.7272301031826,2605.882540358237,2151.380515707804,1701.3430962976652,2276.0326145836243,2058.3892830217264,2569.2808988053575,2553.817597434449,1749.1336913292484,1365.619291163964,1039.7435307500232,1082.5124398986252,1653.0986323355485,1377.597225339181,1905.1475993961797,1472.1414961196858,1153.415753177557,1121.637511269866,803.5800958531637,1355.3688282179749,1704.05158033356,1249.1844695833227,890.0138837174004,1148.5560042724674,1568.391798019409,1274.8014284569078,1775.270569947073,1249.5215590024625,1735.5005551867444,1589.7831112207186,1961.370691682416,1997.1961371377768,2115.140906099363,1920.4565929577675,1545.2073983855266,1822.4058245596252,1994.2867262658,1885.890994924363,1444.3901627179337,1676.8896556702425,1710.6561054896108,2229.0673051067092,1332.163408846931,804.5602990396602,852.3336217098936,725.2419221075006,923.2610237060732,574.0957712594414,998.5074249481897,921.8013713086197,1080.38463836902,1189.458642924056,1456.9156396974515,673.8850450338313,1334.9836978759731
z18,93.29295400198876,164.28189593449233,341.9053876476931,248.8358403035565,207.66130554919042,453.9927809021148,370.49949232423717,305.0152346539325,319.4749061708536,601.5873394057168,187.51422967022793,235.4150132650207,177.97487746494346,611.2478940164049,362.45383202369464,421.651087604429,570.9847773871463,0.0,235.88557733038684,212.7180898952428,1813.7185394945197,1444.3297988864513,2103.3371422745945,1677.8719462235404,1217.2401402152664,1755.4908258921241,1515.276401891206,2009.2340699271288,2023.3745262879966,1323.435693718243,812.0608172187159,574.6776061734082,514.248183752985,1096.5233504094654,852.4941120613929,1334.6923123271151,901.7411600938227,589.7627779086127,607.4323783740638,282.03875536093994,870.1737806620698,1133.5315209081477,690.2068635777179,324.23884821662455,741.2369083122092,1055.699589487453,703.8173052216247,1239.8640345612137,799.8895872932611,1199.8911379167935,1077.3055597797306,1429.9505200119836,1439.7463150742876,1637.7585837054985,1473.3601600656277,999.952979670372,1301.036324377385,1507.169246608256,1335.9597277272583,899.2501306066828,1125.7018567136147,1206.2074239046387,1713.2425720303067,1470.881827488683,530.0565486964109,721.4577832047923,706.2949948893342,984.412984824426,655.3391589113145,973.6536634182474,549.5546103552809,1167.7266809363866,1388.8319455465607,1495.7476568926197,548.2001176910074,1111.466374191541
z19,292.00302918109776,329.77840286567834,289.7968182588876,387.44301990631845,430.0358113638232,686.0418554901086,552.4950289801146,414.7008714733057,182.93370708291678,710.2870843569192,157.18215098014022,460.0487437991526,104.42558234271233,767.9920800918193,598.3234694736224,430.0501050009982,762.7631557482678,235.88557733038684,0.0,235.04349600174191,1709.6750708571096,1406.5652185164759,2049.1325802087135,1656.800744344106,1200.5986837782307,1687.961072654869,1423.3854735831073,1882.3004501094206,1940.6765760818582,1349.3942241393088,725.2118649729625,627.1342084274527,344.42671628298393,991.0951050907862,809.8584571293513,1160.9232229727936,732.5039185705009,493.17509170653926,602.7474610830031,347.36561873159394,871.4765731284707,980.2630418495413,489.5122877295945,269.58899555372227,816.8910636350636,1016.8457612042315,551.0569637590746,1165.523086012237,838.6028986898889,977.4580942867185,845.8505567687853,1205.9772543209099,1234.7636975404541,1402.451962061811,1237.8064771316026,783.2330482980975,1072.848481304605,1272.517356114337,1123.3885666419967,682.2624220336437,914.1624126674781,973.4092210855074,1484.2069350692257,1690.4856385660248,700.587572187806,915.328110037137,923.6085426928729,1202.3911746690455,886.4895221323071,1177.1248796794562,671.8976002307337,1384.9304981222656,1616.6866521996992,1697.8541120355983,758.4422301452641,1251.84297563648
z20,305.9932975874185,156.0270997457527,132.47906579277978,459.4667096210068,401.41715128185933,546.8114347366298,347.8844230063934,183.84018130043341,166.7941886673353,475.243697823914,317.06455992223385,322.6052985868639,132.79671316229064,540.656070311807,498.7370230024216,219.58674338577666,555.4294215975616,212.7180898952428,235.04349600174191,0.0,1938.9643017502356,1611.1872182470079,2262.527604936402,1853.879922211379,1393.747554205028,1905.9672811110718,1648.9436588876954,2115.9471288762666,2164.361534179285,1517.8625569324988,945.9091420965393,772.1706497279188,579.3307872383554,1219.0701851337108,1013.3165419492493,1394.3302372477926,967.2172284293807,714.183250516732,783.5557005794165,474.4246447404701,1052.4148608627117,1215.2892589397916,718.8358608407061,463.3563356517054,946.9055308419771,1220.1673603490588,785.5451477748757,1384.52045071364,995.672107300436,1183.113078310025,1034.3839198987193,1407.370676441646,1455.9849085140877,1565.5017098495975,1379.706914079393,997.9386427748819,1267.2722642815895,1442.0467824272325,1339.2328767172557,897.9928668075864,1132.3853802481456,1155.47311543873,1673.6564643304926,1639.5373612369335,739.9493288986646,920.7442825904953,886.1344363388763,1159.3665920704768,809.6054395953797,1163.8677915727656,761.4845717320592,1341.9534507251421,1542.2060103685867,1683.7554680998337,738.8766665467788,1323.5615554262622
z21,1765.8138184389243,1975.8076442646889,1992.8762286182662,1648.937262509492,1829.096602475315,2144.589267107075,2179.0023455894866,2102.6291132863685,1868.179260783084,2405.968684951068,1637.3624848572922,2010.0395279032275,1806.720124155884,2423.619254512602,2011.977763596707,2138.534334873283,2361.8963095304844,1813.7185394945197,1709.6750708571096,1938.9643017502356,0.0,572.368820911693,527.3472485969962,625.8874030368357,784.6945023047391,288.71153079652964,306.5780909920998,274.3563620822385,285.75597051038625,951.7016078247512,1001.6587224401777,1353.5212108001936,1373.0582187983593,720.1692305381265,990.958329071135,747.62084119758,1031.175383723978,1228.1684737036496,1245.9260747757244,1558.4086900926927,1057.5590385715664,783.2930560262413,1302.311619161972,1491.3999633170313,1329.0392169703061,825.4616134007281,1168.1183452098264,593.967665850787,1195.8995231968413,1236.7119009375558,1398.1116838022156,1249.599571192965,988.6946583669724,1633.4265713432603,1735.7871493736798,1225.8891911652624,1323.430134839125,1547.2545304218563,1091.4326037030762,1269.2388306893447,1133.3679455786319,1427.3041762918529,1412.0421851626445,2448.855849213967,1682.4709375145378,1825.0796633137347,1978.642835394031,2124.8758488576113,2089.7310077301863,1987.8417910404785,1524.638612483558,2222.704897663456,2515.3798838210914,2260.366419861983,1868.514982751829,1601.0825731533255
z22,1376.5898774936884,1607.8238881260522,1695.4524897840543,1234.753042255172,1406.0926865003403,1695.6200676673948,1784.0996219320837,1748.5818256270727,1585.1945188164577,2044.8299565488428,1294.1888863358317,1602.4095466048125,1487.5140819314709,2029.1413840737794,1565.1348280724476,1827.5383948748643,1942.7272301031826,1444.3297988864513,1406.5652185164759,1611.1872182470079,572.368820911693,0.0,663.3832260106445,265.91985112702116,247.13168008068257,358.5712382573747,345.4089173038405,846.0804534086933,646.8767715555185,380.77059908498495,697.9242589255432,902.9857039523217,1118.2150600895961,529.4689404138647,598.1557579308632,885.2777252296672,910.0687495632367,919.9982766759583,837.2387413780234,1165.3050891241535,587.3641275129477,754.9439655530313,1130.7135504557275,1148.3466806983174,824.0890264005905,391.0349660643135,948.649976386184,305.098823975856,702.4715763173456,1306.9448383418007,1407.9082127966628,1416.0484945734995,1185.9231673546049,1817.4309874844305,1846.320366980503,1203.9020886258675,1429.5276695600387,1700.701745232932,1231.7821113024086,1200.9227044386712,1170.458981154657,1485.6714492235963,1661.157938211284,1879.6735464309409,1191.24202593328,1299.1754348093748,1460.5620738009438,1577.7157331581334,1587.8480572947726,1435.7757286023177,1042.316657811698,1663.152753575464,1952.980554735412,1688.058449685275,1372.8310531120985,1031.9360928202866
z23,2038.0492144574039,2267.352326315997,2338.912715441878,1897.8387672446618,2069.466887139053,2356.2807294529507,2446.9840875766495,2406.363638488505,2223.011352753314,2704.750826726374,1946.7944130748033,2265.6738303699085,2135.6364446837033,2692.248201978689,2226.545227833803,2475.8679405168546,2605.882540358237,2103.3371422745945,2049.1325802087135,2262.527604936402,527.3472485969962,663.3832260106445,0.0,485.803801541634,905.6466890793207,371.5021060472995,673.7395631975268,674.6623428979887,268.8936983708236,929.8765750012448,1325.4268067962987,1566.1752004651978,1738.5685312287742,1088.822566136353,1251.6771295108329,1250.80253386393,1455.9828957218035,1556.336635486436,1497.9619331096512,1826.2842589183533,1250.6376683494218,1233.6583421789708,1712.187689914792,1799.3811419214517,1477.051068397273,1047.7201308809167,1548.6063585052482,886.769703201587,1361.4161186131091,1737.452544190476,1884.6283326723603,1770.0428992808604,1510.1499199196387,2158.442240476094,2251.5957659700143,1697.924799537095,1834.092684699384,2068.4398555749754,1605.262851685367,1724.9097230278826,1622.3899993631376,1928.2606948533005,1939.389290502252,2406.180425882599,1844.1475746724552,1929.5094362385253,2094.767137982687,2176.66636440969,2231.2882763544385,2028.9234390404358,1699.7982561516276,2233.8247370994413,2509.2041510086306,2180.406129736015,2021.787626083722,1585.8400092444888
z24,1604.7823300590392,1839.5704697063143,1943.9470089579756,1456.426432564681,1620.6769971243834,1892.8907953036107,2004.4846558095978,1982.884188138917,1837.3183066608196,2274.1804146795107,1537.2061423416146,1820.2192167982848,1733.5343652391514,2247.084010388614,1765.5620756437881,2072.067809258658,2151.380515707804,1677.8719462235404,1656.800744344106,1853.879922211379,625.8874030368357,265.91985112702116,485.803801541634,0.0,460.7875730355453,340.24357822448826,519.0343654622365,888.1870816149441,574.8039694072938,444.0748344058344,959.2302805885305,1118.0492832281147,1378.7457732128582,792.900304019507,847.2664714391343,1115.3496947061928,1174.79134431545,1176.3923327215964,1071.967335549318,1396.238754195672,808.4273402036189,1008.5648292054915,1396.3510024686018,1393.8106974197342,1008.1840194132333,641.3295747127353,1213.3641329723189,567.7070072998827,901.9598803686177,1558.3350358436562,1667.3897394822818,1652.7055735709946,1412.0611367312079,2054.8512125978273,2096.7012752825003,1464.6199832523428,1677.0432212343235,1942.9464549906363,1470.566881324192,1464.8842672954931,1424.4834593392352,1740.4507039578184,1882.3743806877462,1934.5220987936154,1372.322765751134,1446.3975559583805,1612.2494832068194,1691.0534838795195,1751.763717035802,1543.5272971794511,1234.1808144077384,1751.4345223911134,2030.2747236956816,1718.2938460921898,1546.01377563855,1103.9270646456253
z25,1145.0725443149513,1379.2457716708077,1486.0535728869684,998.6931073074379,1166.558820593453,1450.7797861573933,1547.8878856638169,1522.253746793375,1382.294033026695,1814.5498054075513,1077.4375037982147,1364.664985397444,1274.6476978242458,1791.814956619056,1320.9012700255048,1612.3107896886625,1701.3430962976652,1217.2401402152664,1200.5986837782307,1393.747554205028,784.6945023047391,247.13168008068257,905.6466890793207,460.7875730355453,0.0,602.5759941507268,506.6748115317786,1051.5011711999346,891.087382831943,261.58459966121444,531.4974816639781,662.6461815142471,940.1778566962871,466.532754931503,396.19197882519904,903.5508402067107,808.1641011280255,730.6227817501059,611.221026299453,935.8055585825346,349.1348953566619,720.0643018590869,987.1869173551574,935.2678147743887,576.9620279765563,203.19651538269338,797.0187112112194,298.9471454016191,456.3131634859438,1256.8536920219015,1326.1956204958412,1401.28330426767,1198.9503081888238,1793.8819434261939,1790.0920443082366,1120.5949195538028,1387.968159039528,1667.8054228211374,1216.979303848152,1097.6580852565883,1115.3774465634126,1420.8648690218133,1671.797942729561,1669.4239529517229,944.1305871712741,1055.6783820743876,1215.7181709505392,1342.9613536201673,1341.2154880727278,1204.059958518996,795.8135875195723,1438.027856077051,1731.0060651940414,1493.9943417873958,1125.7636495053023,824.5538775488242
z26,1695.2735714126839,1919.7654149923662,1977.3273519925247,1561.9697413758634,1737.9804705985846,2037.7875385096306,2107.8430617722793,2055.76108067508,1859.2704289621558,2356.682685652294,1592.414027077688,1929.9048763222333,1777.2417075977598,2353.9024654574955,1906.0855738418422,2116.6559585381706,2276.0326145836243,1755.4908258921241,1687.961072654869,1905.9672811110718,288.71153079652964,358.5712382573747,371.5021060472995,340.24357822448826,602.5759941507268,0.0,306.35194881277374,548.0240445760373,288.57780306172856,712.152969879344,962.7630361702179,1240.294817979237,1371.3168468972328,717.9948611596957,903.97403670815,906.1752260419001,1084.8344130624832,1194.8457071651103,1156.8732695221825,1483.387197550291,927.0050729782879,866.7906960556877,1340.8016897678544,1444.4618323702891,1177.5756657097745,707.6467252948221,1178.801781421682,522.4417686488712,1051.8479333050402,1385.216206546387,1523.9010515466907,1438.6674903489197,1183.5331255757353,1835.5404443583473,1910.1036848801366,1333.0739365128063,1489.243157916933,1736.3144914387055,1265.834187098703,1356.2774974184072,1264.3628293811073,1574.9487699233562,1635.5747796886396,2223.5834915669425,1543.2421997769627,1657.365997688229,1818.1512157701482,1935.2006062150026,1943.1920749350563,1792.3585105547995,1391.2190743563365,2016.5323001494082,2304.1614799018926,2021.227017743488,1726.4664740183116,1378.5382830739316
z27,1464.293952254763,1678.3471919570334,1710.1108566578598,1344.3054255412446,1524.200071297137,1838.4708495089658,1878.1158617052008,1808.1981044787556,1588.0729565185927,2111.3318753864287,1342.2832557497795,1707.0843083142563,1517.6487150115518,2123.4060542350735,1705.8450366208542,1853.4117293613763,2058.3892830217264,1515.276401891206,1423.3854735831073,1648.9436588876954,306.5780909920998,345.4089173038405,673.7395631975268,519.0343654622365,506.6748115317786,306.35194881277374,0.0,553.612878522766,518.6249427393732,714.7148568421867,704.8885064484205,1046.9678022078415,1094.33472533221,434.1542252701834,684.7944138536147,611.9805893302308,784.6622329224033,935.051330224612,940.2333516960298,1255.493532770028,753.2797398476353,560.6922138677102,1046.6414979088647,1195.1508055199536,1027.2477458050466,521.0876036358862,894.5545883351173,287.39595102142545,893.2536804512536,1082.7763153040999,1217.9710469470836,1149.7279305501152,901.0819482696853,1550.290531906168,1612.384086564659,1026.7336062017614,1190.736002468123,1445.109697307967,972.1672715409491,1051.2287124915208,959.463155064471,1271.6258398316688,1366.5485861210548,2175.2487237988194,1377.3224178938017,1525.3178216485157,1676.5943904576552,1831.7917661497263,1784.9406692031398,1697.9546348392773,1219.1067301791013,1937.3725160137385,2231.892716802707,1999.9781454029562,1563.424900448227,1331.2254762838113
z28,1969.6619727747327,2167.8707585380403,2156.654494396445,1864.0336407166549,2044.3840731228322,2365.940457326895,2378.691441322782,2287.1379825560807,2028.9141161586754,2589.16074888305,1826.9905506434286,2216.9322492719507,1983.1711675717318,2620.322379399402,2233.873188530845,2305.064830228339,2569.2808988053575,2009.2340699271288,1882.3004501094206,2115.9471288762666,274.3563620822385,846.0804534086933,674.6623428979887,888.1870816149441,1051.5011711999346,548.0240445760373,553.612878522766,0.0,406.7320315614874,1225.9002836161405,1204.0359336155527,1586.698903940478,1538.923872890248,916.3720658848796,1219.2815788810385,805.2100535915199,1168.039956096566,1419.476783751001,1468.8911196737554,1767.9336996209524,1303.4927824847719,912.443717018677,1439.825827402685,1684.997512548893,1579.4078226777574,1072.069855124059,1331.6741731313878,833.5109483300208,1444.960912690971,1271.5312962559015,1451.5323028022765,1233.4926941751526,978.570853425844,1586.8470136961064,1723.5514818556062,1305.165604236294,1334.141162628931,1520.8140103633566,1102.3225604008258,1366.0257794553975,1192.5587226279247,1455.6662444078465,1339.5651589118872,2719.3633200043405,1924.1934714756603,2078.195048612797,2227.931297280464,2385.214566558427,2332.093472849787,2250.593931903254,1765.1758839175234,2488.333047023552,2782.0685380365135,2533.5900456375484,2110.1241294692645,1872.0946903289425
